0,467
0,410
169,52
169,51
169,50
169,49
169,48
169,47
169,46
169,45
169,44
169,43
169,42
169,41
169,40
169,39
169,38
169,37
169,36
169,35
3,2
3,1
3,3
10,2
10,1
10,3
11,2
11,1
11,3
9,2
9,1
9,3
8,2
8,1
8,3
12,2
12,1
12,3
20,2
19,2
19,1
19,3
18,1
18,3
168,4
168,3
2,2
168,2
2,1
168,1
2,3
168,0
166,4
166,3
166,2
166,1
166,0
164,5
164,4
164,3
164,2
164,1
164,0
162,6
162,5
162,4
162,3
162,2
162,1
162,0
160,4
160,3
160,2
160,1
160,0
158,4
158,3
158,2
158,1
158,0
44,3
44,1
42,3
42,1
40,3
40,1
39,3
39,1
38,3
38,1
37,3
37,1
36,3
36,1
35,3
35,1
33,4
33,3
33,1
30,3
30,1
29,3
29,1
28,3
28,1
20,1
20,3
0,278
0,0
14,5
0,270
